499;66;1.8313985985539498;8.776679183409538
226;95;1.769201730668192;5.204434447359646
678;99;1.8345978625223298;8.096861845702815
737;99;1.3811194922660845;8.470941827683445
724;33;0.6271003774071313;8.146914501404492
692;18;1.098766713490633;6.3298221808184625
980;37;2.1529631556352835;5.3329872769381295
835;95;2.0334392918582047;7.865957991416508
828;58;1.8664379604828178;8.660075432248302
948;64;2.196784646638339;5.3393982194147425
604;47;1.7663493335853884;5.834652309405444
808;37;1.956320909752112;7.581100675903766
711;43;0.2734205422633838;8.65021698903789
997;49;2.1206176379703994;6.54764892245036
761;80;2.0919580624368717;5.336615045642117
594;43;1.18512439796841;5.088346290329012
784;22;1.2462568669681162;9.6697327693235
982;82;1.376694315873891;9.938452605845765
875;43;1.6099805380003436;8.61691721959679
932;94;0.5502227978909211;5.529038802453262
867;22;1.8328361490541132;9.55521868979714
832;34;0.9438493157636487;9.366193664076107
877;38;2.0168262608240304;5.924427705094329
979;78;1.984224578355729;5.303875127161185
739;81;1.7478742488912256;9.261457774512241
824;88;1.8390945845000721;9.831864414402737
550;95;1.7292736130891158;7.529002900439357
616;52;1.0060473155429017;5.200671393262172
736;56;0.7214929008809663;9.7262459954147
683;48;1.1747758765976102;8.681369424659335
777;43;0.45272503599344366;9.674793068775514
341;14;0.837520689197671;9.852896581834301
857;62;1.5333166084552095;9.554110152193033
628;91;1.532669166334073;9.30275116040065
734;73;0.9102199122629222;6.743895414883006
989;82;1.31132178477565;9.188526325854728
697;70;0.9550458807125319;9.79583150244941
664;80;2.1148097413303306;9.687608926713736
752;89;0.45623589462517283;7.515283167125917
979;81;1.5741749818088888;5.461685362959437
528;38;2.037540904944614;7.067813641733275
664;92;2.0338249418629233;6.416512369335978
935;75;1.5686746519710313;6.131875827422116
520;70;1.6783221922731186;8.63716378434231
322;59;1.1298022109581183;8.563598013890585
869;60;2.15337142346548;6.682317269794378
666;88;2.029081495370229;6.481891490561102
724;22;1.6729822612825573;6.484576290461561
942;24;1.2326481083220089;8.41196449549837
422;44;1.4894033869338517;9.258782898917108
864;63;1.8679858536222822;8.859018762399932
639;42;0.9842878709733041;6.726875552368004
977;85;1.5053932398507528;5.122918315643414
307;23;1.5199585455240037;9.448591049951299
635;51;2.0635130505449895;8.174709706145869
896;80;1.1559726022976202;5.646281363600853
877;22;1.3983682590168123;9.070799564052347
609;59;1.321305601904207;6.185046289468725
776;29;1.8518522984291037;9.96593818777468
506;61;0.663260770031213;8.620772083366036
801;99;1.4059491091434513;5.973427786796771
968;61;0.9274616488845648;7.003993500915973
481;62;2.0536741829890772;8.774436428986164
503;14;0.2506564742438176;9.887025404650398
939;72;0.8365538187489376;9.210770228507428
941;63;1.437265439899017;6.7939495352829375
534;86;1.935291162015794;7.978569141013476
691;72;1.6693566179971053;6.897646146885122
933;81;1.892972128545517;5.546519211644112
388;47;1.7776142084852666;6.228996815458043
904;82;1.6484092816183251;7.074394576165021
824;88;1.970573689214061;8.635850563773255
817;75;1.377084535601491;6.437155962166974
775;83;1.7559719624041064;7.792136508980364
780;73;1.0422873346601653;7.639335865538418
548;71;0.9483607563912788;5.410561857545224
706;59;1.2693488444832122;7.206152481411644
502;74;1.5511433117863516;5.594573076093663
564;72;1.2826253500502165;9.463084022211614
975;83;2.1088636659923723;5.132541008657156
711;70;1.823683599386931;6.708497123883383
505;51;1.907515105568433;8.954719901575391
868;46;1.0972304356795892;6.553723039910226
694;95;1.9600051699938221;8.254099879887526
976;21;1.6075351895059464;9.165429205817983
766;48;1.6271423768155684;7.409029194975508
911;44;1.4848314288816407;7.078360868987746
569;75;1.4690085096835;6.229276814159886
479;59;1.3945481606692247;8.149168532467577
760;34;1.6720168748741222;9.931884287282678
960;24;1.2829319091627254;6.255613926956892
856;42;1.9047350431077859;9.579703156963664
621;66;1.8623160074994733;7.79172190714781
570;44;1.9492497025518083;9.205415358884498
736;80;2.0523202432808927;8.655164103437194
757;76;0.42783178610602174;8.4375467144196
797;86;0.7221690433346604;7.044709784089358
610;40;1.5484125079193873;8.32758770239689
703;53;1.245055943340026;7.66560882513491
936;64;2.105761562206192;5.706965059190217
844;96;1.8717552841530118;5.178152649874444
698;74;1.7879754955919736;6.477020866798043
651;59;0.9436607867784106;8.113496356656542
795;49;1.460588435124433;8.145500879171589
620;64;1.7396746572886967;7.714667561641345
971;34;1.9951091250819337;8.781705910411866
774;36;1.4731132591956824;9.308631194255714
748;32;2.139650342604606;9.36282887478145
309;48;2.1374610038954165;9.465054419761447
753;12;1.3436662578161511;5.297404089338365
854;14;2.034637735883716;7.61067540749101
778;99;2.0185700534050612;8.33806743498628
968;46;0.663314879710954;6.555586959409187
854;67;1.537480699343957;5.145511322949449
809;70;0.7126652695171638;9.038379832660146
652;37;1.6211247002156206;6.798973750448874
761;76;1.8997600399696537;5.707139866168754
603;42;0.7548917994644258;5.621945920709566
866;41;1.6701063803784857;5.117600774841383
843;38;2.0141111937139087;5.183567642359575
956;89;0.7011104462553868;5.097825966556525
878;75;1.2049306879770265;5.350089318740745
846;50;1.0809856685596348;5.834393574126885
464;16;1.7212314122320818;7.5229914981423365
804;84;1.245165846359339;5.925050416042178
431;77;0.931886515383904;5.243114227741929
303;79;2.122970672250854;7.800381562439424
970;83;1.8544617743550584;9.979163759337895
544;87;0.9408640196731675;6.102007826382231
866;86;0.4945414025889226;8.87825702048028
818;81;1.7507254299594106;6.09948162970553
854;21;1.4048872423363947;6.48485032244718
625;67;1.2429773665585833;6.968608285025414
473;91;2.1124297110074917;9.008396760952351
883;39;1.8551670044497757;6.872914381339983
968;62;2.1730031888746155;8.309033928300712
885;36;1.0148650025936594;8.852039499100094
547;33;0.30155847993763235;5.475953434464384
614;95;1.9017285582839445;6.061526254201355
788;56;1.3468279077800434;7.05908491038832
564;75;2.153652867082133;7.961712713397977
799;66;1.5813982625047012;8.165363013476716
929;41;1.604728174957896;5.358844929619837
763;79;1.6086281812340777;7.134875778514234
948;57;1.344966177648612;6.415009286230379
789;92;1.481770272741425;6.472352362810081
577;65;1.4047855683178874;9.156323941350841
390;90;1.3574399449649415;5.318350926007556
852;38;1.4896332558271401;6.754594244152689
602;34;0.9224318161806071;8.722252523301872
749;74;0.9302203194040026;8.073678386296246
564;76;0.3577012181130848;7.8291710376865264
464;58;1.750448829502557;7.408989399425092
813;63;1.0759203092216407;8.955562229545162
644;95;0.7166758395216832;9.090185517074726
676;98;1.707037142065498;5.33753721308409
866;97;1.8448085092769657;5.046972994069553
697;45;1.054742259800437;5.2745245072689855
793;96;0.7215825761836407;5.782026925876666
439;98;1.9591860671547991;7.193757464520711
959;41;1.4977294469079006;9.861073558866195
968;38;1.9963628545558716;9.098977629733803
761;32;1.3706277567679337;5.054842122793222
873;18;0.4325790665522376;6.545652948193356
964;72;1.0045881204447324;9.18034882506272
649;13;1.4066971962296553;7.824324555621208
878;88;1.9225951007899755;6.173770401959862
610;79;0.2190675231585511;7.27415919104703
442;47;2.108980330859313;8.036591555999
624;60;1.375585389352772;8.15689357381381
801;64;1.89230739607231;9.10243555870165
968;48;1.8786839587541473;7.262283358704343
613;94;2.1819033868321522;9.344969257542331
959;46;1.8747832737636958;6.387877803892282
931;48;1.1444197830999527;6.235761682861053
547;74;1.6775141740845985;9.261464827137033
847;43;1.1264739735977976;8.534301316473464
813;96;0.5176651768950928;7.83321271030767
931;64;2.004247153524996;5.418756122637552
760;51;1.5285478379953492;5.8279550648112135
596;30;1.59487463199198;7.80736675829468
942;88;1.762858176090433;5.076404831668596
493;45;0.46777173339958084;9.674701199746497
862;62;2.0119488733184236;6.281806881802204
615;56;2.0416449166753132;9.484454789530599
570;91;1.321603386784593;6.075638511108678
697;77;1.9673053123654534;7.665033627762771
400;23;2.1193943101418413;8.680979252468504
499;93;1.5990884174272582;8.440740759905584
735;93;2.003248733204161;5.812086273140105
818;74;1.1023142099982357;7.202341938342585
997;63;1.0981652965024906;8.497672784289264
757;92;1.6153397691956484;8.855714021396519
859;95;1.9023214943274664;7.022878148823557
834;92;1.0911831480949628;6.990242952460559
840;52;2.0095861664607333;9.037206195939417
878;86;1.894170481454403;7.375064698822124
703;79;1.8538065991772457;5.637715988630166
840;74;2.103194338840137;6.101178739918577
905;77;1.6283596391082389;8.961917749504895
959;91;2.0392851095722855;6.278866917868028
979;61;1.4452904107089843;6.508335447275673
281;70;0.7147648071387369;9.613763526194159
979;18;1.7712422084155717;6.209563594824605
941;66;1.867066752870365;8.754277438674388
891;33;1.9819730666439324;8.076076801590384
337;48;2.193730911194893;8.16294696989889
838;15;1.160046817401891;9.875130617907804
695;86;1.9568149108893127;7.701121803660942
521;61;1.8792428654751943;8.183535804179584
739;34;1.211422570547775;8.95812122132767
880;39;1.1982340912649954;6.8193657292102685
996;75;1.9106605158483143;5.258473866631692
541;95;1.001162737419909;9.609834569556398
879;55;0.2521854757254916;8.227298356641125
742;94;1.9770264290735453;7.474874535048103
948;80;2.057424132566263;8.035351154448062
993;20;1.3399728580710648;7.775234228400485
592;20;0.9967847240634296;9.052968495272538
923;91;1.1906187586302335;8.057186352515487
870;82;2.1668992877883477;9.74182172894772
724;78;1.9274535414043596;7.0391455425779865
872;96;0.9085029580068495;7.575600256128499
794;10;1.7881386600271143;7.61852237619296
942;81;1.9778639179340167;5.507039790026936
906;55;1.8893397677105026;5.932698151374559
799;69;1.243863065779071;6.102746764897593
953;86;1.1508594060359663;9.442330425403131
592;97;1.1781116108173373;6.9360439268573595
920;64;1.7069862935224733;8.400413924191135
974;58;1.886591204884299;8.972290794751453
673;13;1.8854577534433075;7.2739654097542195
999;11;1.8328543948229887;9.156029571831928
740;46;0.6971034373391509;9.861396558642552
985;45;1.7730668767291284;7.570497524737469
499;83;1.4226090185634646;6.521643048083757
803;54;1.7760662055742757;7.904065044009496
900;91;1.5247965097645721;9.904517033704565
581;21;2.1859662258688286;6.35839530564118
876;82;0.9716137371278644;7.017045795853155
401;20;2.1530798485390155;7.926933842909032
956;34;1.3042850525489427;9.746669533374673
992;59;1.3386932326951546;7.784657759781936
561;56;1.6625538640252089;6.424634176300046
395;58;1.5202225827963949;9.216705003002048
121;89;0.9354214329380284;9.655352054008596
250;23;1.8139438524447362;5.92978127177161
925;53;2.1237469034813623;9.10120163793012
453;74;1.364422736575527;5.302544318859712
796;31;1.3546904170796437;9.991860445045795
543;66;1.3034491791858402;9.07520866502033
987;61;1.4759100098303433;7.428071894993533
259;63;2.076984652387387;5.102261844957327
896;37;1.719254709587109;6.366438511222147
755;66;2.126345986900085;5.542000219052213
266;84;2.007957872849848;7.7587296118636395
663;86;0.3721947778366728;7.754479680386462
786;53;1.558541894052481;9.778427432601765
929;38;1.572217313683135;7.88383680150976
875;57;1.4432168733161617;6.744961783127586
865;66;2.0693436344313065;5.996594695187997
810;26;1.8655209246799156;7.320147505760301
992;33;1.0025755049168867;5.140822585996926
785;33;1.5404106552326147;7.062510785263412
491;70;0.8967714369470443;6.906657242100099
499;50;1.9845802853745695;6.435478407579453
804;54;1.4471995408425595;6.003716225410412
680;63;1.0650626960820764;8.535175471211003
788;71;2.1536101850225227;6.600696370167041
401;91;2.1566511310112224;9.48725230682147
736;75;2.1782395355311346;5.111343262299087
966;67;2.1271656186182986;6.651266469209686
983;84;1.3325102637635142;5.3847460269204035
921;39;1.5768676392060443;9.790945594728104
718;67;2.15421745119599;7.144345580310887
856;47;1.1123507375077015;7.744889732826796
770;69;1.6559458131234515;7.618583819756995
904;12;1.703700045430954;7.9671789786389455
418;72;2.0722963781098014;6.5338467437606305
603;59;1.9326429442137698;8.419370619311483
846;30;1.585007309282794;5.171775911715212
642;43;1.1779626429532977;6.406580816295138
482;95;0.23023245140598952;6.198905175215357
542;69;1.0105991530049385;8.172176644053721
732;76;1.8380404780809059;5.384769962006574
628;57;1.130560075523026;7.311053193549213
709;77;2.009572440735211;8.620959479696502
570;69;1.039371211985484;8.981086836334438
914;57;2.0221617415280915;7.904607691937047
620;76;0.4069110280585773;7.941509450288473
678;60;2.1673219799803043;8.741335939449462
822;56;1.803554243013248;7.917233915805991
411;84;1.7851815544581362;8.21387547172572
870;62;1.02483220194733;5.634542768121804
859;97;2.0114844705017987;6.594014030627877
820;73;2.0620467856569964;9.307026529113454
678;66;2.096975793460602;6.562427100051394
987;88;0.39754621755099434;8.892798787058636
922;79;0.3940577863282387;7.0009232373925805
440;69;0.5143622516229913;6.325570794183419
873;87;1.9797956697946142;8.467855292997022
855;84;1.8454240995034554;6.749323067811719
943;56;1.246856347625695;7.573809847360787
760;13;0.9031781254917706;7.772384913414469
497;81;1.5819780146457763;7.683143106719782
576;34;1.6227647162972874;8.951796543542766
709;17;1.8455681958446133;7.396805720031725
964;67;0.5724435769814986;7.553116191368203
751;45;1.0656707934735996;6.800858218757374
723;36;1.9435457440251307;9.399094155032333
778;31;1.070763819184808;7.756112268360663
655;53;0.26012916077335274;8.870210533112814
954;79;0.833817783018757;8.446924837703827
718;95;1.6535423490045862;8.26095917739238
837;56;1.2766776269549092;6.211414639195797
414;66;1.6245947211093688;9.388503712656565
939;86;2.0260572480499968;5.533211778053105
806;73;0.6554629336281843;6.167358858348298
948;81;1.9796826729070964;5.722877507229186
968;52;0.9172261368095538;8.239213596713366
929;94;2.0298569100661115;9.445671315326564
294;77;2.0183349897817604;9.29087494492526
513;92;0.8200881888656337;7.707272231894237
762;82;1.6479849356168597;9.31066751142023
961;75;1.0547019641861173;8.802776726994017
941;32;0.781826187710718;7.192255043035001
636;84;0.9752663549800096;6.4947108621539105
863;94;1.5196831594015008;7.205383300973347
982;75;0.7684591346490555;9.548758844800876
892;93;1.2536099437385828;7.873036407507797
952;81;1.821598355552696;7.789513172332395
889;34;2.0293982690047248;9.083699679801889
890;92;1.5643251017990207;5.359820310553144
896;69;1.8291066361514248;8.170071206981225
590;85;1.7543882343240274;5.688043991154914
297;95;1.9542439683927442;7.000906095413303
973;41;1.672280501219895;8.360526772373332
364;87;0.71791657658493;7.710593162188806
568;43;2.1727105873570247;9.97381561225171
949;26;1.8792416698766377;6.965223047705312
927;23;1.39872138479559;7.121327413995615
813;76;1.793456579130836;6.546945294846363
420;63;1.6850002688400014;7.083102089444857
882;27;1.7252727817095923;6.083243652385209
817;50;1.7488267157227324;6.320983141900998
917;75;1.1538967456363391;8.734033289848012
997;85;2.174974882879519;7.447060793959463
477;80;1.5557345257897777;8.764892612686296
864;97;1.8186889218581617;7.196234239095159
803;34;0.6562090901242978;9.233864526232267
961;83;2.1086329128419705;7.152889125220785
116;99;0.3417088935052082;9.412609744172688
950;22;0.5434468847304599;5.255403047098718
959;74;1.5895124815719248;9.36239073818755
913;19;1.6318185043111617;6.569353364969636
682;72;1.8462173879311305;9.211370919225796
814;30;0.5747192628952802;8.510456144942207
942;89;1.0864479155562798;9.491233656034595
275;89;0.6304995682692078;5.085840851532444
817;70;1.0858449535174186;7.469846645882832
900;34;1.0811072001515931;9.667563453805514
988;89;1.928700712195195;7.964495449888153
